lastAccountName: Arveli
timestamps:
  login: 1620327538099
  logout: 1620327546666
ipAddress: 26.47.146.63
lastlocation:
  world: world
  x: 216.69999998807907
  y: 65.0
  z: 252.69999998807907
  yaw: 0.0
  pitch: 0.0
afk: false
logoutlocation:
  world: world
  x: 225.30000001192093
  y: 60.0
  z: 229.71690853636645
  yaw: 0.0
  pitch: 0.0
