lastAccountName: FretoAegiss
timestamps:
  login: 1620505070415
  logout: 1620504941887
ipAddress: 26.47.146.63
lastlocation:
  world: world
  x: 216.0
  y: 64.0
  z: 252.0
  yaw: 0.0
  pitch: 0.0
logoutlocation:
  world: world
  x: 222.6727735777265
  y: 70.0
  z: 219.0559095573841
  yaw: 36.07637
  pitch: 18.070425
